3 0.157812 0.414844 0.015625 0.010937
3 0.132812 0.434375 0.015625 0.012500
3 0.192188 0.433594 0.018750 0.014063
3 0.423438 0.198437 0.018750 0.012500
3 0.458594 0.220312 0.020313 0.015625
3 0.485156 0.198437 0.017188 0.009375
3 0.556250 0.201563 0.015625 0.009375
3 0.576562 0.228906 0.015625 0.010937
3 0.162500 0.804688 0.021875 0.012500
3 0.186719 0.793750 0.023438 0.012500
3 0.189062 0.820312 0.018750 0.009375
3 0.210938 0.808594 0.018750 0.010937
3 0.678125 0.818750 0.015625 0.012500
3 0.672656 0.842187 0.017188 0.009375
3 0.650000 0.831250 0.015625 0.009375
3 0.699219 0.828125 0.020313 0.009375
