3 0.590625 0.804688 0.009375 0.015625
3 0.570312 0.828906 0.012500 0.017188
3 0.572656 0.769531 0.014063 0.020313
3 0.814063 0.546094 0.012500 0.017188
3 0.793750 0.510938 0.015625 0.018750
3 0.817187 0.485156 0.009375 0.017188
3 0.815625 0.414062 0.009375 0.015625
3 0.788281 0.392188 0.010937 0.015625
3 0.201563 0.785937 0.012500 0.021875
3 0.214062 0.762500 0.012500 0.021875
3 0.187500 0.759375 0.009375 0.018750
3 0.199219 0.737500 0.010937 0.018750
3 0.203125 0.271094 0.012500 0.017188
3 0.179688 0.275000 0.009375 0.015625
3 0.189844 0.298438 0.007812 0.015625
3 0.193750 0.250000 0.009375 0.018750
