3 0.409375 0.181250 0.009375 0.015625
3 0.429688 0.157812 0.012500 0.015625
3 0.427344 0.217188 0.014063 0.018750
3 0.185938 0.435156 0.012500 0.017188
3 0.206250 0.470313 0.015625 0.018750
3 0.184375 0.496094 0.009375 0.017188
3 0.185156 0.567187 0.010937 0.015625
3 0.211719 0.589063 0.010937 0.015625
3 0.798438 0.209375 0.012500 0.021875
3 0.786719 0.232813 0.010937 0.021875
3 0.814063 0.235937 0.009375 0.018750
3 0.800781 0.257812 0.010937 0.018750
3 0.797656 0.725000 0.014063 0.015625
3 0.821875 0.720313 0.009375 0.015625
3 0.811719 0.696875 0.007812 0.015625
3 0.806250 0.746875 0.009375 0.018750
