2 0.190625 0.347656 0.093750 0.154688
2 0.331250 0.141406 0.087500 0.151562
2 0.353906 0.671875 0.082812 0.118750
2 0.473438 0.487500 0.081250 0.128125
2 0.491406 0.790625 0.076563 0.121875
2 0.564844 0.678906 0.073438 0.120313
2 0.574219 0.492969 0.070312 0.107813
2 0.642188 0.387500 0.075000 0.112500
2 0.637500 0.566406 0.078125 0.123438
2 0.707031 0.451562 0.073438 0.115625
2 0.569531 0.903125 0.085938 0.140625
2 0.644531 0.778906 0.085938 0.132812
2 0.720313 0.657813 0.078125 0.131250
2 0.795312 0.541406 0.081250 0.129688
