2 0.333594 0.794531 0.157812 0.101562
2 0.129688 0.663281 0.153125 0.095312
2 0.660156 0.618750 0.120313 0.087500
2 0.478906 0.507031 0.129688 0.085938
2 0.782031 0.475781 0.123438 0.082812
2 0.671094 0.407031 0.120313 0.079687
2 0.485156 0.406250 0.107813 0.075000
2 0.381250 0.341406 0.112500 0.079687
2 0.560156 0.339844 0.126562 0.082812
2 0.446094 0.274219 0.117188 0.079687
2 0.896094 0.394531 0.142187 0.092188
2 0.772656 0.323437 0.135937 0.090625
2 0.652344 0.253125 0.132812 0.084375
2 0.537500 0.182812 0.131250 0.087500
