2 0.799219 0.361719 0.098437 0.157812
2 0.664844 0.151562 0.092188 0.153125
2 0.626563 0.683594 0.084375 0.120313
2 0.512500 0.496094 0.084375 0.129688
2 0.485938 0.799219 0.081250 0.123438
2 0.415625 0.686719 0.078125 0.120313
2 0.411719 0.500781 0.073438 0.107813
2 0.346875 0.393750 0.078125 0.112500
2 0.346875 0.572656 0.081250 0.126562
2 0.279687 0.457031 0.078125 0.117188
2 0.404687 0.910156 0.090625 0.142187
2 0.332813 0.785156 0.087500 0.135937
2 0.260937 0.663281 0.081250 0.132812
2 0.189062 0.543750 0.084375 0.131250
