2 0.778906 0.400781 0.020313 0.026562
2 0.807031 0.407813 0.023438 0.025000
2 0.844531 0.413281 0.026562 0.026562
2 0.871094 0.421875 0.026562 0.031250
2 0.778906 0.457813 0.026562 0.028125
2 0.804688 0.463281 0.025000 0.026562
2 0.841406 0.471094 0.023438 0.029687
2 0.869531 0.478906 0.023438 0.029687
2 0.780469 0.512500 0.029687 0.028125
2 0.803125 0.519531 0.025000 0.026562
2 0.841406 0.528906 0.032813 0.032813
2 0.864844 0.535937 0.023438 0.028125
2 0.776563 0.568750 0.028125 0.025000
2 0.801562 0.578125 0.025000 0.025000
2 0.839844 0.584375 0.026562 0.028125
2 0.862500 0.593750 0.028125 0.028125
2 0.771875 0.624219 0.028125 0.029687
2 0.799219 0.633594 0.026562 0.026562
2 0.834375 0.639062 0.021875 0.025000
2 0.861719 0.650000 0.032813 0.025000
2 0.210938 0.238281 0.018750 0.026562
2 0.233594 0.244531 0.029687 0.026562
2 0.258594 0.251563 0.026562 0.031250
2 0.277344 0.262500 0.020313 0.021875
2 0.213281 0.283594 0.023438 0.032813
2 0.235156 0.292187 0.026562 0.040625
2 0.260156 0.303906 0.026562 0.026562
2 0.275781 0.312500 0.026562 0.031250
2 0.211719 0.336719 0.026562 0.029687
2 0.228906 0.342969 0.026562 0.023438
2 0.254688 0.353125 0.021875 0.025000
2 0.210156 0.383594 0.023438 0.029687
2 0.314063 0.493750 0.025000 0.031250
2 0.335156 0.481250 0.020313 0.031250
2 0.353125 0.464844 0.028125 0.032813
2 0.371094 0.450781 0.023438 0.029687
2 0.313281 0.553906 0.029687 0.039062
2 0.335156 0.537500 0.020313 0.028125
2 0.356250 0.518750 0.025000 0.034375
2 0.373437 0.505469 0.028125 0.023438
2 0.316406 0.613281 0.026562 0.032813
2 0.335938 0.597656 0.028125 0.029687
2 0.358594 0.578125 0.032813 0.040625
2 0.374219 0.566406 0.026562 0.032813
2 0.321094 0.671094 0.026562 0.039062
2 0.335156 0.655469 0.026562 0.032813
2 0.359375 0.636719 0.021875 0.029687
2 0.375781 0.621094 0.029687 0.032813
2 0.320312 0.730469 0.031250 0.029687
2 0.336719 0.714844 0.026562 0.029687
2 0.361719 0.693750 0.032813 0.034375
2 0.377344 0.682031 0.023438 0.029687
