2 0.459375 0.210156 0.028125 0.029687
2 0.475000 0.231250 0.034375 0.031250
2 0.480469 0.252344 0.032813 0.029687
2 0.499219 0.282031 0.032813 0.026562
2 0.507812 0.188281 0.028125 0.029687
2 0.524219 0.214844 0.029687 0.026562
2 0.541406 0.233594 0.032813 0.032813
2 0.553906 0.264062 0.035937 0.040625
2 0.564063 0.283594 0.031250 0.029687
2 0.582812 0.311719 0.031250 0.032813
2 0.317188 0.764062 0.034375 0.028125
2 0.335938 0.753125 0.031250 0.028125
2 0.357031 0.739062 0.026562 0.028125
2 0.384375 0.718750 0.034375 0.028125
2 0.403906 0.700000 0.029687 0.025000
2 0.425781 0.683594 0.026562 0.029687
2 0.357031 0.803125 0.032813 0.028125
2 0.376563 0.785937 0.034375 0.028125
2 0.398438 0.770312 0.028125 0.025000
2 0.425000 0.748437 0.034375 0.028125
2 0.442969 0.730469 0.035937 0.029687
2 0.469531 0.714844 0.032813 0.029687
2 0.827344 0.357031 0.026562 0.026562
2 0.851562 0.342187 0.031250 0.025000
2 0.871875 0.325781 0.028125 0.029687
2 0.902344 0.303125 0.035937 0.028125
2 0.924219 0.285938 0.026562 0.028125
2 0.949219 0.264844 0.026562 0.029687
2 0.871875 0.390625 0.031250 0.028125
2 0.898438 0.375000 0.028125 0.021875
2 0.914844 0.356250 0.029687 0.028125
2 0.946094 0.337500 0.035937 0.031250
2 0.968750 0.318750 0.031250 0.031250
2 0.990625 0.300000 0.018750 0.021875
2 0.768750 0.685937 0.034375 0.018750
2 0.785156 0.710938 0.035937 0.028125
2 0.805469 0.729688 0.042188 0.025000
2 0.826562 0.760938 0.034375 0.028125
2 0.844531 0.779687 0.035937 0.028125
2 0.864844 0.800781 0.029687 0.026562
2 0.822656 0.659375 0.042188 0.037500
2 0.836719 0.681250 0.042188 0.028125
2 0.855469 0.702344 0.035937 0.026562
2 0.878906 0.732812 0.045312 0.021875
2 0.894531 0.753906 0.039062 0.042188
2 0.912500 0.781250 0.037500 0.034375
2 0.984375 0.949219 0.031250 0.032813
2 0.992188 0.972656 0.015625 0.032813
2 0.152344 0.336719 0.039062 0.032813
2 0.185156 0.351562 0.039062 0.025000
2 0.225781 0.306250 0.032813 0.021875
2 0.254688 0.321875 0.037500 0.031250
2 0.300000 0.341406 0.031250 0.026562
2 0.334375 0.360156 0.031250 0.026562
2 0.233594 0.371875 0.032813 0.025000
2 0.265625 0.384375 0.028125 0.025000
2 0.144531 0.400000 0.032813 0.025000
2 0.173437 0.406250 0.028125 0.031250
2 0.197656 0.409375 0.026562 0.018750
2 0.234375 0.414844 0.028125 0.032813
2 0.261719 0.428125 0.023438 0.021875
