2 0.270313 0.768750 0.071875 0.065625
2 0.268750 0.682031 0.084375 0.095312
2 0.264844 0.597656 0.095312 0.073438
2 0.273438 0.481250 0.081250 0.078125
2 0.270313 0.395313 0.090625 0.075000
2 0.272656 0.315625 0.085938 0.078125
2 0.096875 0.753125 0.078125 0.068750
2 0.100781 0.667188 0.085938 0.059375
2 0.102344 0.584375 0.082812 0.068750
2 0.105469 0.476562 0.082812 0.062500
2 0.111719 0.385937 0.085938 0.068750
2 0.103906 0.303906 0.085938 0.070312
2 0.928906 0.539062 0.067187 0.050000
2 0.932031 0.441406 0.079687 0.064062
2 0.853906 0.549219 0.067187 0.048438
2 0.860156 0.445312 0.064062 0.053125
2 0.776563 0.550781 0.075000 0.060937
2 0.786719 0.446875 0.064062 0.062500
2 0.708594 0.557031 0.060937 0.057813
2 0.717187 0.454688 0.062500 0.056250
2 0.638281 0.563281 0.067187 0.057813
2 0.639844 0.453906 0.067187 0.067187
2 0.555469 0.565625 0.070312 0.053125
2 0.563281 0.456250 0.067187 0.062500
2 0.483594 0.570312 0.060937 0.050000
2 0.483594 0.464062 0.067187 0.053125
