0 0.614062 0.267188 0.028125 0.043750
0 0.654687 0.268750 0.025000 0.031250
0 0.617188 0.321094 0.028125 0.039062
0 0.655469 0.325781 0.029687 0.039062
0 0.410156 0.603906 0.017188 0.032813
0 0.441406 0.607812 0.026562 0.034375
0 0.411719 0.650781 0.023438 0.032813
0 0.439844 0.657031 0.032813 0.035937
0 0.294531 0.817187 0.020313 0.031250
0 0.317188 0.821094 0.018750 0.026562
0 0.293750 0.855469 0.021875 0.026562
0 0.322656 0.856250 0.026562 0.021875
0 0.416406 0.830469 0.017188 0.032813
0 0.439844 0.830469 0.026562 0.029687
0 0.414062 0.865625 0.021875 0.031250
0 0.440625 0.867188 0.021875 0.028125
