2 0.403125 0.242188 0.031250 0.040625
2 0.439844 0.253125 0.026562 0.031250
2 0.472656 0.264062 0.026562 0.031250
2 0.519531 0.277344 0.026562 0.029687
2 0.548438 0.289844 0.021875 0.032813
2 0.584375 0.296875 0.031250 0.028125
2 0.409375 0.301563 0.031250 0.034375
2 0.442969 0.310937 0.023438 0.037500
2 0.475781 0.317969 0.020313 0.029687
2 0.523438 0.326562 0.018750 0.028125
2 0.558594 0.338281 0.020313 0.032813
2 0.586719 0.351562 0.026562 0.037500
2 0.410156 0.359375 0.029687 0.034375
2 0.445312 0.369531 0.028125 0.039062
2 0.478906 0.375781 0.026562 0.032813
2 0.522656 0.385937 0.029687 0.031250
2 0.560156 0.396875 0.026562 0.037500
2 0.594531 0.402344 0.029687 0.029687
2 0.417187 0.412500 0.028125 0.034375
2 0.449219 0.426563 0.020313 0.028125
2 0.486719 0.428125 0.026562 0.037500
2 0.528906 0.442969 0.026562 0.035937
2 0.563281 0.450781 0.023438 0.032813
2 0.597656 0.462500 0.029687 0.034375
2 0.417969 0.473438 0.029687 0.028125
2 0.451562 0.482031 0.031250 0.032813
2 0.485156 0.492188 0.032813 0.031250
2 0.528906 0.499219 0.029687 0.035937
2 0.567187 0.509375 0.031250 0.034375
2 0.603906 0.516406 0.032813 0.032813
2 0.418750 0.532031 0.031250 0.039062
2 0.454688 0.537500 0.031250 0.034375
2 0.490625 0.550000 0.028125 0.034375
2 0.531250 0.557813 0.037500 0.034375
2 0.571094 0.565625 0.026562 0.037500
2 0.607031 0.575781 0.029687 0.042188
2 0.421094 0.594531 0.032813 0.035937
2 0.458594 0.606250 0.032813 0.046875
2 0.494531 0.614062 0.032813 0.040625
2 0.542969 0.621094 0.029687 0.035937
2 0.575000 0.627344 0.028125 0.035937
2 0.614844 0.635156 0.032813 0.035937
2 0.426563 0.657813 0.025000 0.037500
2 0.464844 0.667188 0.026562 0.037500
2 0.500781 0.673438 0.032813 0.037500
2 0.546094 0.680469 0.026562 0.039062
2 0.585156 0.685937 0.029687 0.043750
2 0.619531 0.694531 0.032813 0.039062
