2 0.774219 0.484375 0.029687 0.028125
2 0.753906 0.496875 0.032813 0.034375
2 0.732031 0.500781 0.029687 0.032813
2 0.701562 0.515625 0.028125 0.031250
2 0.795312 0.534375 0.031250 0.028125
2 0.767188 0.548438 0.028125 0.028125
2 0.748437 0.563281 0.034375 0.032813
2 0.717969 0.572656 0.042188 0.035937
2 0.696875 0.579688 0.031250 0.031250
2 0.669531 0.596875 0.032813 0.031250
2 0.226562 0.283594 0.028125 0.032813
2 0.237500 0.303125 0.028125 0.031250
2 0.250781 0.325781 0.029687 0.026562
2 0.269531 0.356250 0.029687 0.034375
2 0.287500 0.377344 0.025000 0.029687
2 0.303125 0.400781 0.031250 0.026562
2 0.186719 0.319531 0.029687 0.032813
2 0.203125 0.340625 0.028125 0.034375
2 0.217188 0.364063 0.025000 0.028125
2 0.238281 0.392969 0.029687 0.032813
2 0.255469 0.412500 0.029687 0.034375
2 0.270313 0.441406 0.031250 0.032813
2 0.615625 0.836719 0.028125 0.026562
2 0.628906 0.862500 0.026562 0.031250
2 0.645312 0.884375 0.031250 0.028125
2 0.666406 0.916406 0.029687 0.035937
2 0.682031 0.941406 0.029687 0.026562
2 0.703125 0.967969 0.031250 0.026562
2 0.579688 0.878125 0.028125 0.031250
2 0.594531 0.905469 0.023438 0.029687
2 0.612500 0.924219 0.028125 0.029687
2 0.630469 0.957812 0.032813 0.034375
2 0.647656 0.982812 0.032813 0.031250
2 0.665625 0.998437 0.021875 0.003125
2 0.289844 0.743750 0.020313 0.034375
2 0.263281 0.757031 0.029687 0.035937
2 0.243750 0.775000 0.025000 0.040625
2 0.211719 0.793750 0.029687 0.034375
2 0.192969 0.809375 0.029687 0.034375
2 0.171875 0.828125 0.028125 0.028125
2 0.313281 0.800781 0.039062 0.042188
2 0.291406 0.812500 0.029687 0.040625
2 0.268750 0.828906 0.028125 0.035937
2 0.238281 0.849219 0.023438 0.045312
2 0.216406 0.861719 0.042188 0.039062
2 0.189844 0.877344 0.035937 0.035937
2 0.018750 0.934375 0.034375 0.034375
2 0.005469 0.949219 0.010937 0.042188
2 0.042188 0.986719 0.025000 0.026562
2 0.659375 0.163281 0.034375 0.039062
2 0.642969 0.194531 0.026562 0.039062
2 0.687500 0.239844 0.021875 0.032813
2 0.671094 0.267969 0.032813 0.035937
2 0.650000 0.310937 0.028125 0.031250
2 0.628906 0.342969 0.026562 0.029687
2 0.621094 0.241406 0.026562 0.032813
2 0.607812 0.272656 0.025000 0.026562
2 0.596094 0.150000 0.026562 0.031250
2 0.588281 0.176563 0.032813 0.028125
2 0.584375 0.200781 0.018750 0.026562
2 0.578906 0.236719 0.032813 0.026562
2 0.564063 0.263281 0.021875 0.023438
