2 0.504687 0.293750 0.031250 0.046875
2 0.511719 0.349219 0.029687 0.035937
2 0.441406 0.421094 0.029687 0.051562
2 0.437500 0.358594 0.025000 0.048438
2 0.462500 0.401562 0.028125 0.040625
2 0.458594 0.342969 0.026562 0.064062
2 0.484375 0.373437 0.031250 0.046875
2 0.488281 0.317969 0.039062 0.048438
2 0.459375 0.603125 0.025000 0.043750
2 0.415625 0.559375 0.021875 0.046875
2 0.475000 0.578906 0.034375 0.051562
2 0.433594 0.535156 0.026562 0.048438
2 0.453906 0.514844 0.026562 0.048438
2 0.478125 0.484375 0.021875 0.046875
2 0.499219 0.460938 0.026562 0.053125
2 0.521875 0.438281 0.025000 0.045312
2 0.567187 0.482031 0.021875 0.051562
2 0.547656 0.506250 0.020313 0.046875
2 0.525781 0.528906 0.026562 0.048438
2 0.500000 0.553125 0.025000 0.050000
2 0.657813 0.942187 0.028125 0.046875
2 0.630469 0.927344 0.026562 0.051562
2 0.605469 0.919531 0.026562 0.054688
2 0.566406 0.906250 0.026562 0.046875
2 0.537500 0.893750 0.028125 0.046875
2 0.511719 0.881250 0.035937 0.053125
2 0.676562 0.890625 0.025000 0.043750
2 0.649219 0.876563 0.026562 0.053125
2 0.623437 0.867969 0.028125 0.042188
2 0.590625 0.851562 0.021875 0.037500
2 0.564063 0.843750 0.021875 0.050000
2 0.539062 0.829688 0.021875 0.046875
2 0.064844 0.662500 0.026562 0.050000
2 0.037500 0.646094 0.025000 0.054688
2 0.089844 0.612500 0.026562 0.059375
2 0.065625 0.601562 0.018750 0.053125
2 0.039844 0.584375 0.020313 0.053125
2 0.060156 0.955469 0.029687 0.042188
2 0.039844 0.977344 0.023438 0.045312
