2 0.789844 0.447656 0.029687 0.026562
2 0.770312 0.461719 0.031250 0.032813
2 0.749219 0.467187 0.029687 0.031250
2 0.717969 0.482812 0.026562 0.031250
2 0.813281 0.497656 0.029687 0.026562
2 0.785156 0.512500 0.026562 0.028125
2 0.767969 0.528125 0.032813 0.031250
2 0.736719 0.538281 0.039062 0.035937
2 0.716406 0.547656 0.029687 0.029687
2 0.689844 0.564844 0.032813 0.029687
2 0.235937 0.273438 0.028125 0.031250
2 0.248438 0.292969 0.028125 0.029687
2 0.262500 0.314063 0.028125 0.025000
2 0.281250 0.342969 0.028125 0.032813
2 0.300000 0.364063 0.025000 0.028125
2 0.316406 0.385937 0.029687 0.025000
2 0.198437 0.310937 0.028125 0.031250
2 0.215625 0.332031 0.028125 0.032813
2 0.229687 0.353906 0.025000 0.026562
2 0.251563 0.382031 0.028125 0.032813
2 0.269531 0.400000 0.029687 0.034375
2 0.285156 0.428125 0.029687 0.031250
2 0.644531 0.806250 0.026562 0.025000
2 0.657813 0.832031 0.025000 0.029687
2 0.675781 0.853906 0.029687 0.026562
2 0.696875 0.884375 0.028125 0.034375
2 0.714063 0.907813 0.028125 0.025000
2 0.736719 0.933594 0.029687 0.023438
2 0.609375 0.849219 0.028125 0.029687
2 0.625000 0.876563 0.021875 0.028125
2 0.643750 0.893750 0.028125 0.028125
2 0.664062 0.927344 0.031250 0.032813
2 0.681250 0.950781 0.031250 0.029687
2 0.700000 0.978906 0.021875 0.026562
2 0.315625 0.728906 0.018750 0.032813
2 0.290625 0.743750 0.028125 0.034375
2 0.270313 0.762500 0.025000 0.040625
2 0.239063 0.783594 0.028125 0.032813
2 0.220312 0.799219 0.028125 0.032813
2 0.200781 0.818750 0.026562 0.028125
2 0.340625 0.784375 0.037500 0.040625
2 0.320312 0.797656 0.028125 0.039062
2 0.297656 0.814844 0.026562 0.032813
2 0.267969 0.837500 0.020313 0.043750
2 0.246094 0.850781 0.042188 0.039062
2 0.219531 0.867188 0.032813 0.034375
2 0.052344 0.932031 0.032813 0.032813
2 0.027344 0.948438 0.032813 0.040625
2 0.076563 0.985156 0.025000 0.029687
2 0.010937 0.971875 0.021875 0.037500
2 0.664844 0.132812 0.032813 0.037500
2 0.649219 0.164062 0.026562 0.037500
2 0.694531 0.207813 0.023438 0.031250
2 0.679688 0.235937 0.031250 0.034375
2 0.660156 0.280469 0.026562 0.029687
2 0.639844 0.313281 0.026562 0.029687
2 0.628906 0.212500 0.023438 0.031250
2 0.616406 0.244531 0.026562 0.026562
2 0.600000 0.121875 0.025000 0.031250
2 0.593750 0.149219 0.031250 0.026562
2 0.590625 0.173437 0.018750 0.025000
2 0.586719 0.210156 0.032813 0.023438
2 0.572656 0.236719 0.023438 0.020313
