2 0.142187 0.639062 0.106250 0.140625
2 0.271875 0.642188 0.103125 0.146875
2 0.405469 0.644531 0.114062 0.142187
2 0.532813 0.643750 0.118750 0.140625
2 0.715625 0.653906 0.112500 0.148438
2 0.850000 0.655469 0.106250 0.145313
2 0.960938 0.657031 0.078125 0.151562
2 0.152344 0.890625 0.095312 0.159375
2 0.278125 0.897656 0.084375 0.151562
2 0.403125 0.900781 0.096875 0.148438
2 0.529687 0.901563 0.090625 0.159375
2 0.703125 0.902344 0.106250 0.151562
2 0.828906 0.908594 0.095312 0.142187
2 0.943750 0.904687 0.112500 0.143750
