2 0.110156 0.196094 0.120313 0.135937
2 0.169531 0.418750 0.132812 0.118750
2 0.246094 0.648438 0.123438 0.106250
2 0.052344 0.860938 0.104688 0.115625
2 0.328125 0.862500 0.137500 0.137500
2 0.385156 0.198437 0.142187 0.128125
2 0.469531 0.431250 0.142187 0.125000
2 0.535156 0.665625 0.142187 0.125000
2 0.617188 0.889062 0.137500 0.134375
2 0.681250 0.222656 0.143750 0.148438
2 0.746094 0.450781 0.151562 0.139063
2 0.817969 0.674219 0.145313 0.123438
2 0.894531 0.896875 0.129688 0.121875
2 0.941406 0.230469 0.107813 0.120313
