2 0.510938 0.700781 0.121875 0.092188
2 0.591406 0.792969 0.129688 0.085938
2 0.634375 0.696094 0.131250 0.095312
2 0.541406 0.614844 0.114062 0.079687
2 0.678906 0.562500 0.107813 0.075000
2 0.707031 0.490625 0.095312 0.075000
2 0.614062 0.461719 0.109375 0.073438
2 0.635156 0.400781 0.129688 0.076563
2 0.737500 0.391406 0.131250 0.076563
2 0.757031 0.337500 0.129688 0.062500
2 0.691406 0.294531 0.132812 0.070312
2 0.715625 0.236719 0.137500 0.082812
2 0.900781 0.925781 0.076563 0.073438
2 0.939844 0.719531 0.067187 0.067187
2 0.092188 0.650000 0.112500 0.106250
3 0.395313 0.872656 0.043750 0.039062
3 0.485156 0.947656 0.042188 0.042188
3 0.229687 0.791406 0.053125 0.045312
3 0.066406 0.867969 0.054688 0.051562
3 0.167969 0.900000 0.054688 0.046875
3 0.126562 0.775000 0.056250 0.040625
3 0.342187 0.981250 0.050000 0.031250
