2 0.126562 0.191406 0.121875 0.132812
2 0.205469 0.411719 0.132812 0.114062
2 0.301563 0.639062 0.125000 0.103125
2 0.117188 0.858594 0.125000 0.110937
2 0.401562 0.850000 0.137500 0.134375
2 0.401562 0.185156 0.143750 0.123438
2 0.505469 0.414062 0.142187 0.121875
2 0.590625 0.645312 0.143750 0.121875
2 0.691406 0.866406 0.139063 0.129688
2 0.697656 0.198437 0.145313 0.143750
2 0.781250 0.424219 0.153125 0.132812
2 0.872656 0.644531 0.145313 0.117188
2 0.951562 0.864062 0.096875 0.118750
2 0.951562 0.196875 0.096875 0.115625
