2 0.778906 0.561719 0.042188 0.032813
2 0.766406 0.525781 0.032813 0.026562
2 0.754687 0.493750 0.031250 0.028125
2 0.740625 0.446875 0.031250 0.028125
2 0.726562 0.417969 0.034375 0.023438
2 0.717969 0.382812 0.029687 0.031250
2 0.719531 0.558594 0.035937 0.032813
2 0.708594 0.525000 0.039062 0.025000
2 0.700781 0.492969 0.029687 0.023438
2 0.689844 0.445312 0.029687 0.018750
2 0.677344 0.410156 0.035937 0.020313
2 0.663281 0.383594 0.039062 0.026562
2 0.661719 0.560937 0.035937 0.031250
2 0.650000 0.525781 0.037500 0.029687
2 0.642188 0.492188 0.034375 0.028125
2 0.630469 0.448437 0.032813 0.031250
2 0.618750 0.411719 0.037500 0.026562
2 0.611719 0.378125 0.029687 0.031250
2 0.607812 0.555469 0.034375 0.029687
2 0.593750 0.524219 0.028125 0.023438
2 0.589844 0.487500 0.039062 0.028125
2 0.573438 0.444531 0.034375 0.026562
2 0.565625 0.411719 0.034375 0.026562
2 0.551562 0.376563 0.034375 0.031250
2 0.547656 0.557813 0.029687 0.031250
2 0.536719 0.525781 0.035937 0.032813
2 0.525781 0.491406 0.032813 0.035937
2 0.517188 0.448437 0.037500 0.031250
2 0.505469 0.410156 0.035937 0.032813
2 0.498437 0.375000 0.034375 0.034375
2 0.488281 0.559375 0.039062 0.034375
2 0.482031 0.524219 0.035937 0.032813
2 0.467969 0.488281 0.035937 0.029687
2 0.458594 0.447656 0.035937 0.039062
2 0.449219 0.408594 0.039062 0.026562
2 0.437500 0.373437 0.043750 0.031250
2 0.425781 0.560937 0.035937 0.034375
2 0.412500 0.523438 0.046875 0.034375
2 0.403906 0.487500 0.042188 0.034375
2 0.394531 0.440625 0.035937 0.031250
2 0.387500 0.408594 0.034375 0.029687
2 0.378125 0.367969 0.037500 0.035937
2 0.362500 0.557031 0.037500 0.026562
2 0.351562 0.520312 0.037500 0.028125
2 0.344531 0.484375 0.039062 0.034375
2 0.335156 0.439844 0.042188 0.029687
2 0.328906 0.400781 0.045312 0.032813
2 0.318750 0.366406 0.040625 0.035937
