2 0.500781 0.724219 0.029687 0.045312
2 0.494531 0.667969 0.029687 0.035937
2 0.565625 0.594531 0.028125 0.048438
2 0.568750 0.657031 0.025000 0.048438
2 0.545312 0.614062 0.028125 0.040625
2 0.546875 0.672656 0.025000 0.064062
2 0.521875 0.644531 0.031250 0.045312
2 0.517188 0.700000 0.037500 0.046875
2 0.550781 0.413281 0.023438 0.042188
2 0.593750 0.454688 0.021875 0.046875
2 0.535156 0.437500 0.032813 0.050000
2 0.575781 0.480469 0.026562 0.048438
2 0.554688 0.500781 0.025000 0.048438
2 0.529687 0.532813 0.021875 0.046875
2 0.508594 0.556250 0.026562 0.053125
2 0.485156 0.580469 0.026562 0.045312
2 0.440625 0.537500 0.021875 0.050000
2 0.460938 0.512500 0.018750 0.046875
2 0.482812 0.489844 0.025000 0.048438
2 0.509375 0.464062 0.025000 0.050000
2 0.358594 0.080469 0.026562 0.045312
2 0.385156 0.094531 0.023438 0.051562
2 0.410156 0.100781 0.026562 0.051562
2 0.449219 0.113281 0.026562 0.045312
2 0.478125 0.124219 0.025000 0.045312
2 0.503125 0.135937 0.034375 0.053125
2 0.338281 0.133594 0.023438 0.042188
2 0.365625 0.145313 0.025000 0.053125
2 0.391406 0.153125 0.026562 0.040625
2 0.424219 0.168750 0.023438 0.037500
2 0.450000 0.175781 0.021875 0.048438
2 0.475000 0.188281 0.021875 0.045312
2 0.947656 0.339062 0.026562 0.050000
2 0.974219 0.354687 0.023438 0.053125
2 0.921094 0.389844 0.023438 0.057813
2 0.944531 0.400000 0.020313 0.053125
2 0.970313 0.416406 0.018750 0.051562
2 0.956250 0.046875 0.028125 0.040625
2 0.977344 0.022656 0.023438 0.045312
