2 0.698438 0.621875 0.075000 0.059375
2 0.682813 0.549219 0.075000 0.064062
2 0.778125 0.622656 0.068750 0.054688
2 0.764062 0.551562 0.075000 0.062500
2 0.847656 0.625000 0.073438 0.059375
2 0.840625 0.553125 0.068750 0.059375
2 0.920312 0.625000 0.068750 0.065625
2 0.909375 0.558594 0.062500 0.045312
2 0.935156 0.476562 0.051562 0.043750
2 0.916406 0.408594 0.042188 0.042188
2 0.867188 0.467969 0.050000 0.051562
2 0.843750 0.413281 0.062500 0.042188
2 0.791406 0.467187 0.057813 0.053125
2 0.770312 0.403125 0.059375 0.059375
2 0.717187 0.464844 0.056250 0.054688
2 0.696094 0.392969 0.064062 0.051562
2 0.620313 0.395313 0.071875 0.065625
2 0.644531 0.457813 0.060937 0.053125
