0 0.360938 0.251563 0.037500 0.050000
0 0.313281 0.321094 0.035937 0.045312
0 0.404687 0.314063 0.037500 0.046875
0 0.357812 0.377344 0.031250 0.045312
0 0.443750 0.371875 0.037500 0.043750
0 0.399219 0.439063 0.032813 0.046875
0 0.639062 0.253906 0.040625 0.051562
0 0.600781 0.309375 0.035937 0.046875
0 0.560156 0.369531 0.035937 0.048438
0 0.503125 0.450781 0.034375 0.045312
0 0.455469 0.521094 0.032813 0.051562
0 0.400000 0.600000 0.037500 0.043750
0 0.360156 0.659375 0.039062 0.043750
0 0.320312 0.719531 0.037500 0.051562
0 0.372656 0.796094 0.035937 0.045312
0 0.411719 0.737500 0.032813 0.037500
0 0.454688 0.679688 0.037500 0.046875
0 0.503125 0.597656 0.034375 0.045312
0 0.552344 0.524219 0.039062 0.042188
0 0.608594 0.441406 0.039062 0.048438
0 0.648438 0.380469 0.037500 0.045312
0 0.689844 0.321875 0.035937 0.043750
0 0.605469 0.599219 0.035937 0.045312
0 0.557031 0.665625 0.032813 0.046875
0 0.647656 0.657031 0.032813 0.048438
0 0.691406 0.714063 0.032813 0.050000
0 0.600781 0.725781 0.032813 0.042188
0 0.636719 0.780469 0.035937 0.039062
0 0.914844 0.016406 0.045312 0.032813
0 0.091406 0.008594 0.051562 0.017188
