2 0.115625 0.633594 0.100000 0.145313
2 0.246875 0.630469 0.096875 0.151562
2 0.378906 0.626563 0.107813 0.146875
2 0.506250 0.620313 0.112500 0.146875
2 0.689063 0.621875 0.106250 0.153125
2 0.823438 0.617188 0.100000 0.150000
2 0.949219 0.612500 0.101562 0.156250
2 0.116406 0.885156 0.089063 0.164062
2 0.242188 0.886719 0.078125 0.154688
2 0.367188 0.884375 0.090625 0.153125
2 0.492188 0.878906 0.084375 0.164062
2 0.665625 0.871094 0.100000 0.154688
2 0.791406 0.871094 0.089063 0.145313
2 0.907813 0.862500 0.109375 0.150000
