2 0.232813 0.707031 0.065625 0.070312
2 0.319531 0.710938 0.092188 0.081250
2 0.404687 0.717969 0.071875 0.092188
2 0.521094 0.712500 0.076563 0.078125
2 0.607031 0.718750 0.073438 0.087500
2 0.686719 0.717969 0.076563 0.082812
2 0.247656 0.881250 0.067187 0.075000
2 0.334375 0.879687 0.059375 0.084375
2 0.416406 0.880469 0.070312 0.079687
2 0.524219 0.880469 0.064062 0.079687
2 0.614844 0.877344 0.067187 0.082812
2 0.696875 0.887500 0.068750 0.084375
2 0.466406 0.055469 0.048438 0.064062
2 0.564063 0.054688 0.062500 0.078125
2 0.455469 0.130469 0.048438 0.064062
2 0.560156 0.128125 0.054688 0.062500
2 0.454688 0.208594 0.059375 0.073438
2 0.557813 0.201563 0.062500 0.062500
2 0.447656 0.276562 0.057813 0.059375
2 0.550000 0.269531 0.056250 0.060937
2 0.440625 0.345313 0.056250 0.065625
2 0.550000 0.347656 0.065625 0.064062
2 0.437500 0.428125 0.053125 0.068750
2 0.547656 0.423438 0.064062 0.065625
2 0.432812 0.500000 0.050000 0.059375
2 0.539062 0.502344 0.053125 0.064062
