2 0.797656 0.410156 0.020313 0.026562
2 0.825781 0.417187 0.026562 0.025000
2 0.864062 0.422656 0.028125 0.026562
2 0.890625 0.431250 0.028125 0.031250
2 0.800781 0.465625 0.026562 0.028125
2 0.825781 0.472656 0.026562 0.026562
2 0.863281 0.480469 0.023438 0.029687
2 0.891406 0.489063 0.023438 0.031250
2 0.803125 0.520312 0.031250 0.028125
2 0.827344 0.528906 0.026562 0.026562
2 0.866406 0.538281 0.035937 0.032813
2 0.889844 0.546094 0.026562 0.029687
2 0.803125 0.578125 0.028125 0.025000
2 0.828906 0.587500 0.026562 0.025000
2 0.866406 0.593750 0.026562 0.028125
2 0.889844 0.603906 0.029687 0.029687
2 0.800781 0.633594 0.029687 0.029687
2 0.828906 0.642969 0.026562 0.026562
2 0.864062 0.648438 0.021875 0.025000
2 0.892188 0.660156 0.034375 0.026562
2 0.221094 0.240625 0.020313 0.028125
2 0.243750 0.246094 0.031250 0.026562
2 0.269531 0.254688 0.026562 0.031250
2 0.289844 0.265625 0.020313 0.021875
2 0.225781 0.286719 0.023438 0.032813
2 0.248438 0.295312 0.028125 0.040625
2 0.273438 0.306250 0.028125 0.028125
2 0.289844 0.315625 0.026562 0.031250
2 0.227344 0.338281 0.026562 0.029687
2 0.243750 0.345313 0.028125 0.025000
2 0.271094 0.356250 0.023438 0.025000
2 0.227344 0.385156 0.026562 0.029687
2 0.336719 0.496875 0.026562 0.031250
2 0.357031 0.484375 0.020313 0.031250
2 0.374219 0.469531 0.029687 0.032813
2 0.391406 0.453906 0.026562 0.029687
2 0.339062 0.557813 0.031250 0.037500
2 0.360156 0.541406 0.020313 0.029687
2 0.380469 0.523438 0.026562 0.034375
2 0.396875 0.509375 0.028125 0.025000
2 0.345313 0.616406 0.028125 0.032813
2 0.363281 0.601562 0.029687 0.031250
2 0.385937 0.582812 0.034375 0.040625
2 0.400000 0.571094 0.028125 0.032813
2 0.352344 0.675000 0.026562 0.037500
2 0.366406 0.659375 0.026562 0.034375
2 0.389062 0.641406 0.021875 0.029687
2 0.404687 0.625781 0.031250 0.032813
2 0.353906 0.733594 0.032813 0.029687
2 0.368750 0.718750 0.028125 0.031250
2 0.393750 0.698438 0.034375 0.034375
2 0.408594 0.685156 0.023438 0.029687
