2 0.189844 0.117969 0.129688 0.114062
2 0.408594 0.185938 0.114062 0.128125
2 0.634375 0.272656 0.100000 0.120313
2 0.857031 0.077344 0.110937 0.120313
2 0.843750 0.362500 0.131250 0.131250
2 0.178125 0.392969 0.121875 0.139063
2 0.406250 0.486719 0.118750 0.139063
2 0.635938 0.560937 0.118750 0.137500
2 0.854688 0.652344 0.128125 0.132812
2 0.186719 0.689063 0.142187 0.137500
2 0.410938 0.762500 0.131250 0.146875
2 0.629687 0.843750 0.115625 0.140625
2 0.847656 0.928906 0.114062 0.123438
2 0.180469 0.948438 0.114062 0.103125
