2 0.182812 0.117188 0.115625 0.140625
2 0.409375 0.193750 0.118750 0.140625
2 0.633594 0.280469 0.104688 0.145313
2 0.853906 0.367969 0.126562 0.148438
2 0.860938 0.078125 0.118750 0.143750
2 0.185156 0.393750 0.123438 0.143750
2 0.404687 0.481250 0.109375 0.137500
2 0.628906 0.560156 0.126562 0.139063
2 0.846094 0.656250 0.126562 0.143750
2 0.184375 0.685937 0.115625 0.131250
2 0.411719 0.761719 0.114062 0.145313
2 0.629687 0.847656 0.125000 0.135937
2 0.844531 0.929688 0.132812 0.140625
2 0.187500 0.946875 0.125000 0.106250
