2 0.594531 0.750781 0.026562 0.020313
2 0.587500 0.778906 0.025000 0.026562
2 0.582031 0.817187 0.026562 0.028125
2 0.573438 0.843750 0.031250 0.028125
2 0.539062 0.753906 0.028125 0.026562
2 0.532031 0.779687 0.026562 0.025000
2 0.524219 0.816406 0.029687 0.023438
2 0.516406 0.845313 0.029687 0.021875
2 0.484375 0.757031 0.028125 0.029687
2 0.475781 0.780469 0.026562 0.026562
2 0.466406 0.819531 0.032813 0.035937
2 0.459375 0.842969 0.028125 0.026562
2 0.426563 0.757031 0.025000 0.029687
2 0.417187 0.782031 0.025000 0.026562
2 0.410938 0.820312 0.028125 0.028125
2 0.401562 0.842969 0.028125 0.029687
2 0.371094 0.753906 0.029687 0.029687
2 0.361719 0.782031 0.026562 0.026562
2 0.356250 0.817969 0.025000 0.023438
2 0.345313 0.845313 0.025000 0.034375
2 0.760156 0.174219 0.026562 0.020313
2 0.755469 0.197656 0.026562 0.029687
2 0.746875 0.223438 0.031250 0.028125
2 0.735938 0.242969 0.021875 0.020313
2 0.714844 0.180469 0.032813 0.023438
2 0.706250 0.201563 0.040625 0.028125
2 0.695312 0.226562 0.028125 0.028125
2 0.685937 0.243750 0.031250 0.025000
2 0.663281 0.181250 0.029687 0.028125
2 0.656250 0.197656 0.025000 0.026562
2 0.645312 0.224219 0.025000 0.023438
2 0.616406 0.182031 0.029687 0.026562
2 0.504687 0.289844 0.031250 0.026562
2 0.517188 0.310937 0.031250 0.018750
2 0.533594 0.328906 0.032813 0.029687
2 0.547656 0.346094 0.029687 0.026562
2 0.443750 0.292187 0.037500 0.031250
2 0.460938 0.313281 0.028125 0.020313
2 0.479687 0.333594 0.034375 0.026562
2 0.492188 0.350781 0.025000 0.029687
2 0.385156 0.298438 0.032813 0.028125
2 0.400781 0.316406 0.029687 0.029687
2 0.420312 0.339062 0.040625 0.034375
2 0.432031 0.354687 0.032813 0.028125
2 0.326562 0.305469 0.037500 0.026562
2 0.342969 0.319531 0.032813 0.026562
2 0.361719 0.342969 0.029687 0.023438
2 0.377344 0.357812 0.032813 0.031250
2 0.267969 0.307031 0.029687 0.032813
2 0.283594 0.322656 0.029687 0.026562
2 0.304688 0.346875 0.034375 0.034375
2 0.316406 0.362500 0.029687 0.021875
