0 0.256250 0.347656 0.050000 0.039062
0 0.324219 0.296094 0.045312 0.035937
0 0.317969 0.388281 0.048438 0.039062
0 0.382031 0.338281 0.045312 0.032813
0 0.376563 0.424219 0.043750 0.039062
0 0.443750 0.375781 0.046875 0.035937
0 0.260937 0.625781 0.053125 0.042188
0 0.315625 0.584375 0.046875 0.040625
0 0.375781 0.540625 0.048438 0.040625
0 0.457031 0.479687 0.045312 0.037500
0 0.526563 0.428125 0.053125 0.037500
0 0.604688 0.368750 0.043750 0.040625
0 0.662500 0.325781 0.043750 0.039062
0 0.723437 0.282813 0.050000 0.040625
0 0.800781 0.331250 0.045312 0.037500
0 0.742188 0.371875 0.037500 0.034375
0 0.685156 0.418750 0.048438 0.040625
0 0.602344 0.471875 0.045312 0.037500
0 0.529687 0.525000 0.043750 0.040625
0 0.448437 0.585938 0.050000 0.040625
0 0.388281 0.628125 0.045312 0.040625
0 0.329688 0.672656 0.043750 0.039062
0 0.605469 0.574219 0.045312 0.039062
0 0.671875 0.521875 0.046875 0.037500
0 0.663281 0.612500 0.048438 0.034375
0 0.721875 0.653906 0.050000 0.035937
0 0.732031 0.561719 0.042188 0.035937
0 0.787500 0.596094 0.040625 0.035937
0 0.027344 0.914062 0.032813 0.046875
0 0.009375 0.091406 0.018750 0.054688
