2 0.115625 0.639844 0.100000 0.139063
2 0.246094 0.643750 0.095312 0.146875
2 0.378906 0.646875 0.107813 0.140625
2 0.506250 0.646875 0.112500 0.140625
2 0.689063 0.657813 0.106250 0.146875
2 0.823438 0.660156 0.100000 0.145313
2 0.949219 0.662500 0.101562 0.150000
2 0.116406 0.891406 0.089063 0.160938
2 0.242188 0.900000 0.078125 0.150000
2 0.367188 0.903906 0.090625 0.148438
2 0.492188 0.904687 0.084375 0.159375
2 0.665625 0.906250 0.100000 0.150000
2 0.791406 0.913281 0.089063 0.142187
2 0.907813 0.910156 0.109375 0.142187
