2 0.278906 0.460938 0.042188 0.056250
2 0.341406 0.461719 0.039062 0.054688
2 0.402344 0.460938 0.039062 0.056250
2 0.481250 0.464844 0.037500 0.054688
2 0.543750 0.464844 0.037500 0.057813
2 0.605469 0.465625 0.035937 0.056250
2 0.278906 0.546875 0.039062 0.056250
2 0.339844 0.549219 0.039062 0.054688
2 0.400781 0.549219 0.039062 0.054688
2 0.482031 0.551562 0.035937 0.053125
2 0.541406 0.549219 0.042188 0.054688
2 0.604688 0.550781 0.040625 0.054688
2 0.276562 0.390625 0.046875 0.031250
2 0.339062 0.390625 0.043750 0.031250
2 0.400781 0.389844 0.048438 0.032813
2 0.481250 0.391406 0.043750 0.029687
2 0.542969 0.392188 0.039062 0.028125
2 0.603906 0.392188 0.042188 0.025000
2 0.700000 0.403906 0.031250 0.045312
2 0.601562 0.309375 0.040625 0.040625
2 0.540625 0.309375 0.040625 0.043750
2 0.482031 0.309375 0.042188 0.040625
2 0.400000 0.310156 0.040625 0.042188
2 0.337500 0.307031 0.046875 0.045312
2 0.276562 0.309375 0.040625 0.043750
2 0.278906 0.609375 0.039062 0.028125
2 0.336719 0.610938 0.039062 0.034375
2 0.401562 0.612500 0.046875 0.025000
2 0.482812 0.612500 0.046875 0.025000
2 0.541406 0.611719 0.045312 0.020313
2 0.603125 0.613281 0.043750 0.026562
2 0.278906 0.694531 0.048438 0.045312
2 0.339062 0.692187 0.043750 0.050000
2 0.401562 0.692969 0.046875 0.051562
2 0.482031 0.697656 0.045312 0.048438
2 0.542969 0.692187 0.045312 0.053125
2 0.603125 0.692187 0.046875 0.040625
2 0.860938 0.321094 0.034375 0.017188
2 0.861719 0.400781 0.032813 0.051562
