2 0.816406 0.121875 0.117188 0.140625
2 0.589844 0.196875 0.120313 0.140625
2 0.362500 0.282813 0.106250 0.146875
2 0.141406 0.367969 0.129688 0.148438
2 0.138281 0.078906 0.120313 0.145313
2 0.810156 0.398438 0.126562 0.143750
2 0.589844 0.484375 0.110937 0.137500
2 0.364844 0.562500 0.126562 0.137500
2 0.146094 0.657031 0.126562 0.145313
2 0.807031 0.690625 0.117188 0.131250
2 0.578906 0.764844 0.114062 0.145313
2 0.360156 0.849219 0.126562 0.135937
2 0.145313 0.929688 0.134375 0.140625
2 0.801562 0.949219 0.125000 0.101562
