0 0.416406 0.726562 0.029687 0.043750
0 0.375000 0.725000 0.025000 0.031250
0 0.411719 0.671875 0.029687 0.040625
0 0.371875 0.667969 0.031250 0.039062
0 0.606250 0.386719 0.018750 0.032813
0 0.575000 0.382812 0.028125 0.034375
0 0.602344 0.339844 0.023438 0.032813
0 0.574219 0.332813 0.035937 0.034375
0 0.713281 0.170313 0.023438 0.031250
0 0.689844 0.166406 0.020313 0.026562
0 0.712500 0.132812 0.025000 0.028125
0 0.684375 0.132031 0.028125 0.023438
0 0.590625 0.159375 0.018750 0.034375
0 0.567187 0.160156 0.025000 0.029687
0 0.591406 0.124219 0.023438 0.032813
0 0.564844 0.123438 0.023438 0.028125
