2 0.889844 0.152344 0.145313 0.120313
2 0.822656 0.380469 0.145313 0.123438
2 0.745313 0.608594 0.150000 0.110937
2 0.667188 0.832031 0.153125 0.132812
2 0.941406 0.828906 0.117188 0.123438
2 0.613281 0.164062 0.148438 0.131250
2 0.535156 0.386719 0.142187 0.114062
2 0.465625 0.613281 0.143750 0.129688
2 0.378125 0.833594 0.150000 0.129688
2 0.321094 0.173437 0.135937 0.118750
2 0.254688 0.403906 0.150000 0.117188
2 0.178906 0.624219 0.142187 0.129688
2 0.104688 0.842187 0.146875 0.137500
2 0.060937 0.185938 0.112500 0.128125
