2 0.737500 0.486719 0.043750 0.057813
2 0.674219 0.485156 0.039062 0.057813
2 0.613281 0.482031 0.039062 0.057813
2 0.535156 0.483594 0.039062 0.054688
2 0.472656 0.481250 0.039062 0.059375
2 0.410938 0.478906 0.040625 0.057813
2 0.739844 0.572656 0.039062 0.057813
2 0.678906 0.572656 0.039062 0.057813
2 0.617969 0.569531 0.039062 0.057813
2 0.536719 0.569531 0.039062 0.054688
2 0.478125 0.564844 0.043750 0.057813
2 0.414844 0.564844 0.042188 0.057813
2 0.736719 0.416406 0.048438 0.032813
2 0.674219 0.413281 0.045312 0.032813
2 0.613281 0.410156 0.048438 0.032813
2 0.532031 0.409375 0.045312 0.031250
2 0.470313 0.408594 0.040625 0.029687
2 0.410938 0.405469 0.043750 0.026562
2 0.314844 0.414062 0.032813 0.046875
2 0.408594 0.322656 0.042188 0.042188
2 0.469531 0.325781 0.042188 0.045312
2 0.529687 0.327344 0.043750 0.042188
2 0.610156 0.331250 0.042188 0.043750
2 0.672656 0.329688 0.048438 0.046875
2 0.733594 0.333594 0.042188 0.045312
2 0.742188 0.635156 0.040625 0.029687
2 0.685156 0.633594 0.042188 0.035937
2 0.619531 0.632031 0.048438 0.026562
2 0.539062 0.630469 0.046875 0.026562
2 0.479687 0.627344 0.043750 0.023438
2 0.417969 0.626563 0.045312 0.028125
2 0.745313 0.718750 0.053125 0.046875
2 0.685156 0.714844 0.045312 0.051562
2 0.622656 0.714063 0.048438 0.053125
2 0.542969 0.715625 0.045312 0.050000
2 0.481250 0.708594 0.046875 0.054688
2 0.421094 0.705469 0.048438 0.042188
2 0.150000 0.325000 0.034375 0.018750
2 0.152344 0.405469 0.035937 0.054688
