2 0.257031 0.584375 0.073438 0.059375
2 0.278906 0.511719 0.073438 0.064062
2 0.177344 0.584375 0.067187 0.056250
2 0.196094 0.513281 0.073438 0.060937
2 0.107813 0.586719 0.071875 0.057813
2 0.119531 0.514062 0.067187 0.059375
2 0.035156 0.584375 0.067187 0.065625
2 0.051562 0.517969 0.062500 0.045312
2 0.032031 0.435937 0.051562 0.043750
2 0.055469 0.369531 0.042188 0.042188
2 0.100000 0.428906 0.050000 0.051562
2 0.128125 0.374219 0.062500 0.042188
2 0.175781 0.428906 0.057813 0.051562
2 0.201563 0.365625 0.056250 0.059375
2 0.250000 0.427344 0.053125 0.054688
2 0.276562 0.355469 0.062500 0.051562
2 0.351562 0.358594 0.068750 0.064062
2 0.322656 0.421094 0.057813 0.051562
