2 0.742188 0.720313 0.068750 0.071875
2 0.656250 0.722656 0.096875 0.082812
2 0.570312 0.728125 0.075000 0.093750
2 0.454688 0.721094 0.078125 0.079687
2 0.367969 0.724219 0.076563 0.089063
2 0.289062 0.723437 0.078125 0.084375
2 0.721875 0.894531 0.071875 0.076563
2 0.635938 0.891406 0.062500 0.085938
2 0.553125 0.890625 0.071875 0.081250
2 0.445312 0.888281 0.065625 0.082812
2 0.354687 0.883594 0.071875 0.085938
2 0.271875 0.892969 0.071875 0.085938
2 0.531250 0.064844 0.050000 0.067187
2 0.434375 0.062500 0.065625 0.078125
2 0.539844 0.139844 0.051562 0.067187
2 0.435156 0.135156 0.054688 0.064062
2 0.539062 0.217188 0.062500 0.075000
2 0.435156 0.208594 0.064062 0.064062
2 0.542188 0.285156 0.059375 0.060937
2 0.440625 0.277344 0.059375 0.060937
2 0.547656 0.355469 0.057813 0.067187
2 0.437500 0.355469 0.068750 0.067187
2 0.547656 0.438281 0.054688 0.070312
2 0.437500 0.431250 0.065625 0.065625
2 0.550000 0.509375 0.053125 0.059375
2 0.443750 0.510156 0.056250 0.067187
