2 0.571094 0.754687 0.032813 0.040625
2 0.533594 0.743750 0.026562 0.031250
2 0.502344 0.732812 0.026562 0.031250
2 0.454688 0.721094 0.028125 0.029687
2 0.426563 0.708594 0.021875 0.032813
2 0.391406 0.700781 0.032813 0.029687
2 0.567187 0.695312 0.031250 0.034375
2 0.533594 0.685937 0.023438 0.037500
2 0.500781 0.680469 0.023438 0.029687
2 0.453125 0.670312 0.018750 0.028125
2 0.417969 0.659375 0.020313 0.034375
2 0.390625 0.646094 0.025000 0.039062
2 0.568750 0.637500 0.031250 0.034375
2 0.532031 0.626563 0.029687 0.037500
2 0.499219 0.621875 0.026562 0.034375
2 0.456250 0.610938 0.031250 0.031250
2 0.418750 0.600000 0.025000 0.037500
2 0.384375 0.595313 0.031250 0.031250
2 0.561719 0.584375 0.029687 0.034375
2 0.530469 0.570312 0.023438 0.028125
2 0.493750 0.568750 0.028125 0.037500
2 0.451562 0.554688 0.025000 0.034375
2 0.417969 0.547656 0.026562 0.032813
2 0.383594 0.535156 0.029687 0.035937
2 0.564063 0.523438 0.031250 0.028125
2 0.531250 0.514844 0.031250 0.035937
2 0.496875 0.504687 0.034375 0.031250
2 0.454688 0.498437 0.031250 0.037500
2 0.415625 0.487500 0.031250 0.034375
2 0.379688 0.482031 0.034375 0.032813
2 0.564844 0.464062 0.032813 0.037500
2 0.530469 0.459375 0.032813 0.034375
2 0.493750 0.446875 0.028125 0.034375
2 0.453906 0.439063 0.039062 0.034375
2 0.413281 0.431250 0.026562 0.037500
2 0.378906 0.421875 0.029687 0.043750
2 0.565625 0.401562 0.034375 0.034375
2 0.528125 0.390625 0.034375 0.046875
2 0.492188 0.384375 0.034375 0.040625
2 0.444531 0.376563 0.029687 0.034375
2 0.413281 0.370312 0.029687 0.034375
2 0.372656 0.362500 0.035937 0.037500
2 0.561719 0.339062 0.026562 0.037500
2 0.523438 0.329688 0.028125 0.037500
2 0.489063 0.323437 0.034375 0.037500
2 0.443750 0.317188 0.028125 0.040625
2 0.404687 0.312500 0.031250 0.043750
2 0.369531 0.303125 0.035937 0.040625
