2 0.510938 0.272656 0.031250 0.045312
2 0.507812 0.329688 0.031250 0.034375
2 0.582031 0.401562 0.029687 0.050000
2 0.582812 0.339844 0.028125 0.048438
2 0.560156 0.382812 0.029687 0.040625
2 0.560156 0.324219 0.026562 0.064062
2 0.536719 0.353125 0.032813 0.046875
2 0.528906 0.298438 0.039062 0.046875
2 0.574219 0.583594 0.026562 0.042188
2 0.616406 0.542188 0.023438 0.046875
2 0.557813 0.559375 0.034375 0.050000
2 0.596875 0.516406 0.028125 0.048438
2 0.575000 0.496094 0.028125 0.048438
2 0.549219 0.464844 0.023438 0.048438
2 0.526563 0.440625 0.028125 0.053125
2 0.502344 0.417969 0.026562 0.045312
2 0.459375 0.459375 0.025000 0.050000
2 0.480469 0.484375 0.020313 0.046875
2 0.503906 0.508594 0.026562 0.048438
2 0.531250 0.532813 0.028125 0.050000
2 0.396094 0.917969 0.029687 0.045312
2 0.421875 0.903125 0.028125 0.050000
2 0.446875 0.896875 0.028125 0.053125
2 0.485938 0.883594 0.028125 0.045312
2 0.514062 0.872656 0.028125 0.045312
2 0.538281 0.860938 0.035937 0.053125
2 0.374219 0.864844 0.023438 0.042188
2 0.400781 0.853125 0.026562 0.053125
2 0.426563 0.844531 0.028125 0.042188
2 0.458594 0.828125 0.023438 0.037500
2 0.483594 0.821875 0.023438 0.050000
2 0.508594 0.808594 0.023438 0.045312
2 0.973437 0.655469 0.028125 0.051562
2 0.994531 0.639062 0.010937 0.053125
2 0.946094 0.605469 0.026562 0.057813
2 0.968750 0.594531 0.021875 0.054688
2 0.992188 0.578125 0.015625 0.053125
2 0.989844 0.948438 0.020313 0.040625
