2 0.730469 0.497656 0.095312 0.120313
2 0.820312 0.417969 0.090625 0.129688
2 0.721094 0.374219 0.098437 0.129688
2 0.642969 0.466406 0.082812 0.114062
2 0.585938 0.327344 0.078125 0.107813
2 0.514062 0.299219 0.078125 0.095312
2 0.487500 0.390625 0.078125 0.109375
2 0.426563 0.369531 0.081250 0.129688
2 0.412500 0.267188 0.081250 0.128125
2 0.357812 0.246875 0.065625 0.128125
2 0.317188 0.311719 0.075000 0.132812
2 0.257812 0.287500 0.087500 0.137500
2 0.942187 0.110156 0.075000 0.076563
2 0.734375 0.067969 0.068750 0.067187
2 0.693750 0.916406 0.109375 0.110937
3 0.906250 0.614062 0.040625 0.043750
3 0.978906 0.525781 0.042188 0.042188
3 0.830469 0.778906 0.048438 0.051562
3 0.913281 0.943750 0.051562 0.053125
3 0.941406 0.842187 0.048438 0.053125
3 0.817187 0.882812 0.043750 0.056250
