2 0.490625 0.293750 0.118750 0.090625
2 0.567969 0.200000 0.129688 0.084375
2 0.614062 0.296875 0.128125 0.093750
2 0.523438 0.379688 0.112500 0.078125
2 0.662500 0.430469 0.106250 0.073438
2 0.692187 0.500781 0.093750 0.073438
2 0.600781 0.531250 0.107813 0.071875
2 0.623437 0.592187 0.128125 0.075000
2 0.725781 0.600000 0.129688 0.075000
2 0.746875 0.653906 0.128125 0.060937
2 0.682813 0.696875 0.131250 0.068750
2 0.708594 0.755469 0.135937 0.082812
2 0.873437 0.064062 0.075000 0.071875
2 0.918750 0.269531 0.065625 0.067187
2 0.072656 0.349219 0.107813 0.104688
3 0.371094 0.122656 0.042188 0.039062
3 0.457813 0.046875 0.040625 0.040625
3 0.207031 0.207031 0.051562 0.045312
3 0.041406 0.131250 0.054688 0.050000
3 0.142187 0.098437 0.053125 0.046875
3 0.104688 0.224219 0.056250 0.042188
3 0.314063 0.014844 0.050000 0.029687
