0 0.257812 0.352344 0.050000 0.039062
0 0.326562 0.302344 0.046875 0.035937
0 0.320312 0.393750 0.046875 0.040625
0 0.383594 0.344531 0.045312 0.032813
0 0.378906 0.430469 0.045312 0.039062
0 0.446094 0.384375 0.048438 0.034375
0 0.264844 0.630469 0.054688 0.042188
0 0.318750 0.589844 0.046875 0.039062
0 0.378906 0.547656 0.048438 0.039062
0 0.459375 0.486719 0.046875 0.035937
0 0.528906 0.436719 0.054688 0.035937
0 0.607031 0.378906 0.045312 0.039062
0 0.664844 0.336719 0.045312 0.039062
0 0.725000 0.294531 0.050000 0.039062
0 0.802344 0.344531 0.045312 0.035937
0 0.744531 0.385156 0.039062 0.032813
0 0.687500 0.430469 0.046875 0.039062
0 0.605469 0.482031 0.045312 0.035937
0 0.532813 0.533594 0.043750 0.039062
0 0.452344 0.592969 0.048438 0.039062
0 0.391406 0.635156 0.045312 0.039062
0 0.333594 0.678906 0.045312 0.039062
0 0.608594 0.585156 0.045312 0.039062
0 0.675000 0.533594 0.046875 0.035937
0 0.667969 0.623437 0.048438 0.034375
0 0.726562 0.666406 0.050000 0.035937
0 0.735156 0.575000 0.042188 0.034375
0 0.791406 0.610156 0.042188 0.035937
0 0.032031 0.914062 0.032813 0.046875
0 0.010156 0.091406 0.017188 0.054688
