2 0.247656 0.539062 0.045312 0.056250
2 0.309375 0.539062 0.040625 0.056250
2 0.370312 0.539062 0.040625 0.056250
2 0.450000 0.535937 0.040625 0.053125
2 0.512500 0.535156 0.040625 0.057813
2 0.575000 0.535937 0.040625 0.056250
2 0.253125 0.453125 0.040625 0.056250
2 0.314063 0.451562 0.040625 0.056250
2 0.375000 0.451562 0.040625 0.056250
2 0.456250 0.448437 0.040625 0.053125
2 0.514844 0.451562 0.045312 0.056250
2 0.578125 0.450000 0.043750 0.056250
2 0.241406 0.609375 0.048438 0.031250
2 0.303906 0.610938 0.045312 0.031250
2 0.364844 0.610938 0.048438 0.031250
2 0.446094 0.610156 0.045312 0.029687
2 0.507812 0.607812 0.040625 0.028125
2 0.567187 0.607812 0.043750 0.025000
2 0.665625 0.597656 0.034375 0.045312
2 0.560937 0.690625 0.043750 0.040625
2 0.500000 0.690625 0.043750 0.043750
2 0.441406 0.690625 0.045312 0.040625
2 0.359375 0.689844 0.043750 0.042188
2 0.296875 0.694531 0.050000 0.045312
2 0.235937 0.692187 0.043750 0.043750
2 0.256250 0.390625 0.040625 0.028125
2 0.314063 0.389062 0.043750 0.034375
2 0.378906 0.389062 0.048438 0.025000
2 0.460156 0.387500 0.048438 0.025000
2 0.518750 0.389062 0.043750 0.021875
2 0.580469 0.388281 0.045312 0.026562
2 0.260937 0.307031 0.053125 0.045312
2 0.321094 0.307812 0.045312 0.050000
2 0.383594 0.307031 0.051562 0.051562
2 0.464062 0.303906 0.046875 0.048438
2 0.525000 0.307812 0.046875 0.053125
2 0.585156 0.309375 0.048438 0.040625
2 0.821094 0.680469 0.035937 0.017188
2 0.826562 0.600000 0.037500 0.053125
