2 0.408594 0.271875 0.057813 0.071875
2 0.479687 0.290625 0.062500 0.071875
2 0.410156 0.191406 0.054688 0.067187
2 0.481250 0.209375 0.059375 0.071875
2 0.410938 0.122656 0.056250 0.070312
2 0.482812 0.132031 0.056250 0.067187
2 0.414062 0.048438 0.062500 0.065625
2 0.479687 0.063281 0.043750 0.060937
2 0.563281 0.042188 0.042188 0.050000
2 0.629687 0.064062 0.040625 0.040625
2 0.567969 0.110156 0.048438 0.048438
2 0.621875 0.136719 0.040625 0.060937
2 0.565625 0.185938 0.050000 0.056250
2 0.628906 0.210156 0.057813 0.054688
2 0.565625 0.260156 0.053125 0.054688
2 0.635938 0.285156 0.050000 0.060937
2 0.631250 0.360156 0.062500 0.070312
2 0.569531 0.333594 0.051562 0.057813
