0 0.411719 0.735938 0.029687 0.043750
0 0.371094 0.732812 0.026562 0.031250
0 0.407031 0.681250 0.029687 0.040625
0 0.367969 0.676562 0.029687 0.037500
0 0.603906 0.400781 0.017188 0.032813
0 0.573438 0.395313 0.028125 0.034375
0 0.600781 0.353906 0.023438 0.032813
0 0.572656 0.346875 0.035937 0.034375
0 0.711719 0.187500 0.023438 0.031250
0 0.689063 0.183594 0.018750 0.026562
0 0.710938 0.149219 0.025000 0.026562
0 0.682813 0.147656 0.028125 0.023438
0 0.590625 0.172656 0.018750 0.032813
0 0.566406 0.174219 0.026562 0.029687
0 0.590625 0.137500 0.025000 0.031250
0 0.564063 0.135937 0.021875 0.028125
