2 0.794531 0.880469 0.064062 0.079687
2 0.840625 0.821875 0.062500 0.068750
2 0.727344 0.919531 0.060937 0.085938
2 0.660156 0.924219 0.064062 0.085938
2 0.595313 0.889844 0.062500 0.092188
2 0.536719 0.822656 0.064062 0.085938
2 0.496094 0.729688 0.067187 0.087500
2 0.473438 0.614844 0.068750 0.089063
2 0.473438 0.499219 0.062500 0.092188
2 0.494531 0.385937 0.064062 0.087500
2 0.537500 0.292187 0.062500 0.093750
2 0.596094 0.223438 0.064062 0.081250
2 0.660937 0.200781 0.059375 0.092188
2 0.726562 0.203125 0.062500 0.084375
2 0.331250 0.342187 0.043750 0.062500
2 0.282813 0.387500 0.046875 0.065625
2 0.250781 0.457813 0.048438 0.065625
2 0.431250 0.861719 0.043750 0.067187
2 0.375781 0.861719 0.048438 0.060937
2 0.324219 0.839063 0.045312 0.068750
2 0.278906 0.785937 0.048438 0.065625
2 0.246875 0.714844 0.046875 0.057813
2 0.232813 0.626563 0.046875 0.065625
2 0.233594 0.541406 0.045312 0.067187
2 0.382031 0.320312 0.048438 0.059375
2 0.964844 0.816406 0.029687 0.048438
2 0.939063 0.814063 0.021875 0.040625
2 0.921875 0.790625 0.025000 0.043750
