2 0.342187 0.611719 0.056250 0.042188
2 0.436719 0.542969 0.057813 0.045312
2 0.598437 0.539062 0.059375 0.043750
2 0.707812 0.600781 0.059375 0.042188
2 0.703125 0.682031 0.053125 0.039062
2 0.604688 0.739062 0.050000 0.034375
2 0.470313 0.742188 0.050000 0.034375
2 0.361719 0.693750 0.054688 0.037500
2 0.284375 0.650000 0.025000 0.021875
2 0.246094 0.603125 0.032813 0.021875
2 0.229687 0.546875 0.031250 0.021875
2 0.242188 0.490625 0.034375 0.025000
2 0.288281 0.436719 0.035937 0.026562
2 0.360938 0.393750 0.034375 0.025000
2 0.457031 0.369531 0.035937 0.026562
2 0.560937 0.366406 0.037500 0.026562
2 0.662500 0.385937 0.034375 0.028125
2 0.741406 0.425000 0.035937 0.025000
2 0.794531 0.476562 0.032813 0.025000
2 0.817187 0.532813 0.034375 0.025000
2 0.808594 0.588281 0.032813 0.023438
2 0.775781 0.636719 0.029687 0.023438
2 0.639844 0.854688 0.054688 0.040625
2 0.490625 0.857812 0.050000 0.040625
2 0.392969 0.907031 0.057813 0.035937
2 0.405469 0.969531 0.051562 0.035937
2 0.505469 0.995313 0.051562 0.009375
2 0.633594 0.992188 0.051562 0.015625
2 0.731250 0.957812 0.053125 0.031250
2 0.737500 0.897656 0.056250 0.035937
2 0.539062 0.664844 0.040625 0.029687
