2 0.523438 0.149219 0.125000 0.129688
2 0.507812 0.427344 0.112500 0.117188
2 0.563281 0.623437 0.095312 0.100000
2 0.664844 0.743750 0.082812 0.081250
2 0.789062 0.781250 0.081250 0.068750
2 0.913281 0.769531 0.079687 0.079687
2 0.910156 0.930469 0.064062 0.054688
2 0.985156 0.901563 0.029687 0.056250
2 0.425781 0.867969 0.048438 0.045312
2 0.339062 0.878125 0.043750 0.040625
2 0.258594 0.863281 0.048438 0.045312
2 0.188281 0.820312 0.051562 0.046875
2 0.147656 0.750000 0.051562 0.056250
2 0.138281 0.653906 0.054688 0.054688
2 0.172656 0.544531 0.054688 0.048438
2 0.240625 0.435156 0.053125 0.054688
2 0.113281 0.262500 0.048438 0.043750
2 0.168750 0.170313 0.040625 0.043750
2 0.156250 0.013281 0.031250 0.026562
2 0.077344 0.046875 0.035937 0.034375
2 0.017188 0.105469 0.031250 0.045312
