2 0.120313 0.920312 0.078125 0.100000
2 0.279687 0.932031 0.081250 0.104688
2 0.442969 0.939844 0.085938 0.104688
2 0.605469 0.939844 0.079687 0.101562
2 0.767969 0.941406 0.076563 0.092188
2 0.936719 0.943750 0.079687 0.084375
2 0.933594 0.777344 0.085938 0.107813
2 0.771875 0.769531 0.081250 0.104688
2 0.602344 0.766406 0.079687 0.114062
2 0.436719 0.755469 0.082812 0.104688
2 0.272656 0.753125 0.079687 0.106250
2 0.110937 0.746094 0.090625 0.104688
2 0.098437 0.528906 0.087500 0.098437
2 0.264062 0.534375 0.084375 0.106250
2 0.428125 0.535937 0.081250 0.103125
2 0.600000 0.544531 0.078125 0.104688
2 0.768750 0.547656 0.084375 0.104688
2 0.936719 0.550781 0.085938 0.107813
2 0.085156 0.336719 0.089063 0.101562
2 0.253906 0.342969 0.082812 0.101562
2 0.421875 0.346875 0.084375 0.100000
2 0.590625 0.352344 0.081250 0.107813
2 0.764062 0.350781 0.087500 0.110937
2 0.935156 0.360156 0.089063 0.110937
2 0.934375 0.166406 0.090625 0.110937
2 0.759375 0.157812 0.084375 0.106250
2 0.585156 0.152344 0.085938 0.110937
2 0.412500 0.152344 0.084375 0.110937
2 0.241406 0.147656 0.085938 0.107813
2 0.073438 0.147656 0.093750 0.107813
