2 0.331250 0.606250 0.056250 0.040625
2 0.427344 0.535937 0.057813 0.043750
2 0.589063 0.528906 0.059375 0.042188
2 0.698438 0.589063 0.059375 0.040625
2 0.691406 0.670312 0.051562 0.037500
2 0.592187 0.728906 0.050000 0.032813
2 0.457813 0.734375 0.050000 0.034375
2 0.350000 0.687500 0.053125 0.037500
2 0.273438 0.645312 0.025000 0.021875
2 0.236719 0.599219 0.032813 0.020313
2 0.220312 0.542969 0.031250 0.020313
2 0.233594 0.486719 0.032813 0.023438
2 0.280469 0.432812 0.035937 0.025000
2 0.353906 0.387500 0.035937 0.025000
2 0.451562 0.361719 0.034375 0.026562
2 0.554688 0.357031 0.037500 0.026562
2 0.656250 0.374219 0.034375 0.026562
2 0.735156 0.412500 0.035937 0.025000
2 0.786719 0.463281 0.032813 0.023438
2 0.807813 0.518750 0.034375 0.025000
2 0.798438 0.574219 0.031250 0.023438
2 0.764844 0.624219 0.029687 0.023438
2 0.625000 0.844531 0.053125 0.039062
2 0.475781 0.849219 0.051562 0.039062
2 0.377344 0.900781 0.054688 0.035937
2 0.389844 0.962500 0.051562 0.034375
2 0.488281 0.991406 0.048438 0.017188
2 0.616406 0.986719 0.051562 0.026562
2 0.714844 0.945312 0.054688 0.031250
2 0.722656 0.885156 0.054688 0.032813
2 0.527344 0.655469 0.039062 0.026562
