2 0.467969 0.235937 0.051562 0.037500
2 0.532031 0.224219 0.045312 0.035937
2 0.597656 0.214062 0.048438 0.037500
2 0.669531 0.200781 0.051562 0.042188
2 0.573438 0.319531 0.037500 0.023438
2 0.639062 0.311719 0.031250 0.023438
2 0.740625 0.303906 0.043750 0.023438
2 0.814063 0.419531 0.037500 0.026562
2 0.850781 0.452344 0.045312 0.032813
2 0.732812 0.462500 0.040625 0.031250
2 0.767188 0.496875 0.043750 0.034375
2 0.410938 0.407813 0.028125 0.018750
2 0.417187 0.444531 0.025000 0.023438
2 0.474219 0.508594 0.042188 0.026562
2 0.489063 0.327344 0.031250 0.023438
