2 0.066406 0.078906 0.070312 0.098437
2 0.225000 0.064844 0.075000 0.104688
2 0.388281 0.054688 0.079687 0.103125
2 0.550000 0.050000 0.075000 0.100000
2 0.712500 0.046094 0.071875 0.092188
2 0.881250 0.041406 0.075000 0.082812
2 0.888281 0.207813 0.079687 0.106250
2 0.725781 0.217969 0.073438 0.101562
2 0.557031 0.223438 0.070312 0.112500
2 0.392188 0.237500 0.078125 0.103125
2 0.228906 0.242969 0.073438 0.107813
2 0.067187 0.253125 0.084375 0.103125
2 0.067187 0.470313 0.081250 0.096875
2 0.232031 0.461719 0.076563 0.104688
2 0.396094 0.457813 0.073438 0.103125
2 0.567969 0.445312 0.070312 0.103125
2 0.736719 0.439063 0.079687 0.103125
2 0.903906 0.432812 0.079687 0.106250
2 0.066406 0.662500 0.082812 0.100000
2 0.234375 0.652344 0.078125 0.101562
2 0.401562 0.646094 0.078125 0.098437
2 0.569531 0.637500 0.076563 0.106250
2 0.742188 0.635938 0.081250 0.109375
2 0.913281 0.623437 0.082812 0.109375
2 0.925000 0.817969 0.084375 0.107813
2 0.750000 0.830469 0.078125 0.104688
2 0.575781 0.838281 0.079687 0.107813
2 0.403125 0.840625 0.078125 0.109375
2 0.232031 0.847656 0.079687 0.107813
2 0.065625 0.851562 0.087500 0.106250
