2 0.527344 0.689844 0.045312 0.057813
2 0.526563 0.624219 0.046875 0.057813
2 0.526563 0.552344 0.046875 0.060937
2 0.524219 0.480469 0.048438 0.060937
2 0.520312 0.414062 0.046875 0.050000
2 0.232813 0.642969 0.031250 0.048438
2 0.275000 0.577344 0.031250 0.048438
2 0.223438 0.571094 0.034375 0.051562
2 0.215625 0.494531 0.031250 0.054688
2 0.270313 0.507031 0.034375 0.048438
2 0.263281 0.432031 0.042188 0.051562
2 0.209375 0.417969 0.040625 0.051562
2 0.203906 0.289844 0.039062 0.057813
2 0.247656 0.223438 0.039062 0.056250
2 0.185938 0.192188 0.037500 0.056250
2 0.139844 0.253906 0.039062 0.054688
2 0.154688 0.351562 0.040625 0.053125
2 0.089844 0.313281 0.035937 0.048438
2 0.253125 0.353906 0.037500 0.048438
