2 0.527344 0.331250 0.045312 0.056250
2 0.526563 0.397656 0.046875 0.057813
2 0.525781 0.468750 0.045312 0.059375
2 0.524219 0.541406 0.048438 0.057813
2 0.520312 0.607031 0.046875 0.048438
2 0.232813 0.366406 0.031250 0.048438
2 0.275000 0.433594 0.031250 0.048438
2 0.223438 0.437500 0.034375 0.050000
2 0.215625 0.514062 0.031250 0.053125
2 0.270313 0.503906 0.034375 0.048438
2 0.263281 0.578906 0.042188 0.048438
2 0.208594 0.589844 0.039062 0.048438
2 0.203906 0.718750 0.039062 0.056250
2 0.247656 0.786719 0.039062 0.054688
2 0.185156 0.814844 0.035937 0.054688
2 0.139063 0.752344 0.037500 0.051562
2 0.153906 0.654687 0.039062 0.050000
2 0.089844 0.690625 0.035937 0.046875
2 0.253125 0.656250 0.037500 0.046875
