2 0.852344 0.785937 0.048438 0.059375
2 0.846094 0.665625 0.039062 0.059375
2 0.764844 0.653906 0.051562 0.064062
2 0.771094 0.778906 0.045312 0.060937
2 0.517969 0.757031 0.054688 0.073438
2 0.515625 0.614062 0.059375 0.075000
2 0.414844 0.596094 0.060937 0.067187
2 0.418750 0.743750 0.056250 0.075000
2 0.502344 0.311719 0.051562 0.060937
2 0.407813 0.283594 0.053125 0.064062
2 0.492188 0.189844 0.059375 0.057813
2 0.401562 0.155469 0.050000 0.060937
2 0.289062 0.339062 0.043750 0.062500
2 0.311719 0.246094 0.048438 0.070312
2 0.328906 0.494531 0.042188 0.070312
2 0.271094 0.524219 0.045312 0.067187
2 0.221094 0.550781 0.042188 0.064062
2 0.075781 0.466406 0.048438 0.051562
2 0.077344 0.357031 0.045312 0.048438
2 0.191406 0.396875 0.042188 0.056250
2 0.121094 0.593750 0.039062 0.053125
2 0.168750 0.575781 0.037500 0.057813
2 0.190625 0.728906 0.043750 0.057813
2 0.167187 0.819531 0.040625 0.060937
2 0.142187 0.908594 0.043750 0.060937
2 0.210938 0.078906 0.034375 0.039062
