2 0.257812 0.461719 0.034375 0.051562
2 0.249219 0.526563 0.035937 0.043750
2 0.241406 0.592187 0.032813 0.046875
2 0.232813 0.664062 0.040625 0.050000
2 0.345313 0.566406 0.021875 0.035937
2 0.342187 0.631250 0.021875 0.031250
2 0.338281 0.732812 0.023438 0.043750
2 0.457813 0.803125 0.025000 0.037500
2 0.491406 0.839063 0.029687 0.043750
2 0.496094 0.721094 0.029687 0.039062
2 0.532813 0.754687 0.031250 0.043750
2 0.426563 0.401562 0.018750 0.028125
2 0.463281 0.406250 0.023438 0.025000
2 0.529687 0.462500 0.025000 0.040625
2 0.350000 0.480469 0.021875 0.032813
