2 0.814844 0.847656 0.064062 0.079687
2 0.859375 0.786719 0.062500 0.070312
2 0.749219 0.889844 0.060937 0.085938
2 0.680469 0.896875 0.064062 0.084375
2 0.615625 0.865625 0.062500 0.090625
2 0.555469 0.800000 0.064062 0.087500
2 0.513281 0.709375 0.067187 0.087500
2 0.487500 0.594531 0.068750 0.089063
2 0.484375 0.479687 0.062500 0.093750
2 0.503906 0.366406 0.064062 0.089063
2 0.543750 0.270313 0.062500 0.093750
2 0.600781 0.200000 0.064062 0.081250
2 0.665625 0.174219 0.059375 0.092188
2 0.731250 0.173437 0.062500 0.084375
2 0.339062 0.328906 0.043750 0.064062
2 0.292187 0.376563 0.046875 0.065625
2 0.261719 0.446875 0.048438 0.065625
2 0.451562 0.843750 0.043750 0.065625
2 0.396094 0.846094 0.048438 0.060937
2 0.342969 0.825781 0.045312 0.070312
2 0.297656 0.775000 0.048438 0.065625
2 0.264062 0.704688 0.046875 0.059375
2 0.246875 0.617188 0.046875 0.065625
2 0.246094 0.532031 0.045312 0.067187
2 0.389844 0.303906 0.048438 0.060937
2 0.983594 0.776563 0.029687 0.046875
2 0.957812 0.775781 0.021875 0.042188
2 0.939063 0.752344 0.025000 0.042188
