2 0.154688 0.510938 0.128125 0.128125
2 0.432812 0.474219 0.115625 0.114062
2 0.629687 0.514062 0.100000 0.096875
2 0.750781 0.606250 0.079687 0.084375
2 0.790625 0.727344 0.068750 0.082812
2 0.779687 0.852344 0.078125 0.082812
2 0.940625 0.836719 0.056250 0.064062
2 0.913281 0.925000 0.054688 0.053125
2 0.872656 0.359375 0.042188 0.050000
2 0.882031 0.271875 0.039062 0.043750
2 0.866406 0.192188 0.045312 0.050000
2 0.822656 0.125781 0.045312 0.051562
2 0.752344 0.090625 0.054688 0.053125
2 0.655469 0.089063 0.054688 0.056250
2 0.546094 0.131250 0.048438 0.056250
2 0.438281 0.207031 0.054688 0.054688
2 0.264062 0.092969 0.043750 0.048438
2 0.172656 0.155469 0.042188 0.042188
2 0.014063 0.155469 0.028125 0.032813
2 0.047656 0.074219 0.035937 0.035937
2 0.105469 0.012500 0.045312 0.025000
