2 0.760156 0.288281 0.051562 0.067187
2 0.703906 0.268750 0.051562 0.065625
2 0.637500 0.271875 0.046875 0.062500
2 0.582031 0.300781 0.048438 0.070312
2 0.530469 0.350781 0.045312 0.067187
2 0.493750 0.423438 0.053125 0.062500
2 0.478906 0.503906 0.051562 0.057813
2 0.478906 0.594531 0.045312 0.057813
2 0.502344 0.675000 0.051562 0.068750
2 0.539844 0.742188 0.045312 0.062500
2 0.592187 0.786719 0.053125 0.060937
2 0.512500 0.810156 0.050000 0.060937
2 0.447656 0.797656 0.045312 0.054688
2 0.392969 0.783594 0.042188 0.060937
2 0.355469 0.764062 0.039062 0.043750
2 0.348438 0.538281 0.031250 0.048438
2 0.317969 0.473438 0.042188 0.059375
2 0.299219 0.401562 0.048438 0.056250
2 0.296875 0.325000 0.050000 0.056250
2 0.313281 0.250000 0.045312 0.059375
2 0.346875 0.184375 0.046875 0.059375
2 0.392969 0.137500 0.045312 0.062500
2 0.447656 0.112500 0.045312 0.062500
2 0.505469 0.107031 0.039062 0.060937
2 0.042969 0.775781 0.042188 0.054688
2 0.103125 0.906250 0.046875 0.059375
