2 0.195312 0.866406 0.062500 0.076563
2 0.150000 0.807031 0.062500 0.067187
2 0.261719 0.907031 0.057813 0.082812
2 0.329688 0.912500 0.062500 0.084375
2 0.394531 0.879687 0.064062 0.090625
2 0.453906 0.813281 0.064062 0.085938
2 0.495312 0.721094 0.065625 0.085938
2 0.519531 0.606250 0.067187 0.087500
2 0.521094 0.491406 0.064062 0.092188
2 0.501563 0.377344 0.062500 0.089063
2 0.459375 0.283594 0.062500 0.092188
2 0.401562 0.213281 0.062500 0.079687
2 0.336719 0.189062 0.057813 0.090625
2 0.271094 0.191406 0.060937 0.082812
2 0.665625 0.336719 0.043750 0.064062
2 0.713281 0.383594 0.045312 0.064062
2 0.743750 0.453906 0.046875 0.064062
2 0.559375 0.853906 0.043750 0.067187
2 0.614062 0.854688 0.046875 0.059375
2 0.666406 0.833594 0.045312 0.070312
2 0.711719 0.782031 0.045312 0.064062
2 0.744531 0.710156 0.045312 0.057813
2 0.760156 0.623437 0.048438 0.065625
2 0.760156 0.537500 0.045312 0.065625
2 0.614062 0.314063 0.046875 0.059375
2 0.025781 0.800000 0.029687 0.046875
2 0.052344 0.797656 0.020313 0.042188
2 0.070312 0.774219 0.025000 0.042188
