2 0.629687 0.686719 0.043750 0.057813
2 0.555469 0.588281 0.045312 0.057813
2 0.543750 0.425781 0.043750 0.060937
2 0.599219 0.319531 0.042188 0.060937
2 0.680469 0.328125 0.039062 0.053125
2 0.742969 0.428906 0.035937 0.051562
2 0.753906 0.564063 0.035937 0.050000
2 0.710156 0.669531 0.039062 0.054688
2 0.671094 0.745313 0.023438 0.025000
2 0.625781 0.781250 0.023438 0.034375
2 0.570312 0.795312 0.021875 0.031250
2 0.513281 0.780469 0.026562 0.035937
2 0.457031 0.732031 0.026562 0.035937
2 0.410156 0.657031 0.026562 0.035937
2 0.381250 0.559375 0.028125 0.034375
2 0.372656 0.455469 0.026562 0.039062
2 0.385937 0.354687 0.028125 0.034375
2 0.421875 0.277344 0.025000 0.035937
2 0.471094 0.226562 0.026562 0.034375
2 0.525781 0.207031 0.026562 0.035937
2 0.581250 0.217969 0.021875 0.032813
2 0.631250 0.253125 0.025000 0.031250
2 0.856250 0.399219 0.040625 0.054688
2 0.867969 0.549219 0.042188 0.051562
2 0.922656 0.648438 0.035937 0.056250
2 0.982812 0.639062 0.034375 0.053125
2 1.000000 0.540625 0.000000 0.050000
2 0.992969 0.412500 0.014063 0.053125
2 0.955469 0.312500 0.032813 0.053125
2 0.894531 0.303906 0.035937 0.054688
2 0.672656 0.491406 0.029687 0.042188
