2 0.535156 0.239063 0.051562 0.037500
2 0.470313 0.232031 0.043750 0.035937
2 0.404687 0.227344 0.046875 0.035937
2 0.332813 0.220312 0.050000 0.043750
2 0.430469 0.330469 0.035937 0.023438
2 0.364844 0.328906 0.032813 0.023438
2 0.263281 0.328906 0.045312 0.023438
2 0.192188 0.450781 0.037500 0.026562
2 0.154688 0.485938 0.043750 0.031250
2 0.272656 0.485938 0.039062 0.031250
2 0.239063 0.524219 0.043750 0.032813
2 0.593750 0.405469 0.028125 0.020313
2 0.588281 0.442969 0.026562 0.023438
2 0.532031 0.510938 0.042188 0.025000
2 0.515625 0.332031 0.031250 0.023438
