2 0.758594 0.309375 0.051562 0.068750
2 0.702344 0.289844 0.051562 0.067187
2 0.635938 0.289844 0.046875 0.064062
2 0.580469 0.317188 0.048438 0.071875
2 0.528906 0.366406 0.045312 0.067187
2 0.490625 0.436719 0.053125 0.064062
2 0.475781 0.517188 0.051562 0.059375
2 0.475781 0.607812 0.045312 0.059375
2 0.497656 0.689844 0.051562 0.070312
2 0.535156 0.757031 0.045312 0.064062
2 0.588281 0.803125 0.051562 0.062500
2 0.507812 0.824219 0.050000 0.060937
2 0.442969 0.810156 0.045312 0.054688
2 0.388281 0.794531 0.042188 0.060937
2 0.351562 0.774219 0.040625 0.045312
2 0.345313 0.547656 0.031250 0.048438
2 0.315625 0.482812 0.040625 0.059375
2 0.297656 0.409375 0.048438 0.056250
2 0.295312 0.332813 0.050000 0.056250
2 0.311719 0.259375 0.045312 0.059375
2 0.345313 0.194531 0.046875 0.060937
2 0.392969 0.149219 0.045312 0.064062
2 0.446875 0.125781 0.043750 0.064062
2 0.503906 0.121094 0.039062 0.060937
2 0.038281 0.776563 0.042188 0.056250
2 0.097656 0.908594 0.045312 0.060937
