2 0.094531 0.936719 0.098437 0.076563
2 0.078125 0.777344 0.106250 0.079687
2 0.064844 0.614062 0.104688 0.084375
2 0.057813 0.452344 0.100000 0.079687
2 0.051562 0.289062 0.093750 0.075000
2 0.043750 0.121875 0.084375 0.078125
2 0.208594 0.121094 0.107813 0.082812
2 0.222656 0.283594 0.104688 0.079687
2 0.231250 0.452344 0.112500 0.076563
2 0.247656 0.617969 0.104688 0.082812
2 0.257031 0.781250 0.107813 0.078125
2 0.267969 0.942969 0.104688 0.089063
2 0.486719 0.952344 0.098437 0.085938
2 0.475000 0.786719 0.106250 0.082812
2 0.467969 0.622656 0.104688 0.079687
2 0.452344 0.450000 0.104688 0.075000
2 0.443750 0.281250 0.103125 0.081250
2 0.435156 0.114062 0.107813 0.084375
2 0.678906 0.958594 0.101562 0.082812
2 0.665625 0.792969 0.100000 0.082812
2 0.656250 0.625000 0.100000 0.081250
2 0.644531 0.456250 0.107813 0.081250
2 0.639844 0.283594 0.110937 0.085938
2 0.625000 0.111719 0.109375 0.085938
2 0.819531 0.108594 0.110937 0.089063
2 0.834375 0.285156 0.106250 0.082812
2 0.846094 0.458594 0.110937 0.082812
2 0.850781 0.630469 0.110937 0.082812
2 0.861719 0.802344 0.107813 0.082812
2 0.866406 0.961719 0.107813 0.076563
