2 0.508594 0.349219 0.048438 0.057813
2 0.503125 0.416406 0.050000 0.057813
2 0.498437 0.486719 0.050000 0.060937
2 0.491406 0.560156 0.051562 0.060937
2 0.484375 0.625781 0.050000 0.048438
2 0.210938 0.374219 0.034375 0.048438
2 0.250000 0.442969 0.034375 0.048438
2 0.198437 0.445312 0.037500 0.050000
2 0.185938 0.521094 0.034375 0.054688
2 0.240625 0.513281 0.037500 0.048438
2 0.228906 0.588281 0.045312 0.051562
2 0.174219 0.597656 0.042188 0.051562
2 0.161719 0.725781 0.042188 0.057813
2 0.202344 0.794531 0.042188 0.054688
2 0.137500 0.821875 0.040625 0.056250
2 0.095312 0.757031 0.040625 0.054688
2 0.115625 0.660156 0.043750 0.051562
2 0.049219 0.693750 0.039062 0.046875
2 0.214062 0.664844 0.040625 0.048438
