2 0.208594 0.857031 0.060937 0.048438
2 0.328906 0.846094 0.060937 0.039062
2 0.341406 0.764844 0.064062 0.051562
2 0.216406 0.775781 0.060937 0.045312
2 0.239844 0.522656 0.073438 0.054688
2 0.382812 0.514062 0.075000 0.062500
2 0.402344 0.413281 0.067187 0.060937
2 0.253125 0.421094 0.075000 0.057813
2 0.685937 0.490625 0.059375 0.053125
2 0.714844 0.394531 0.064062 0.051562
2 0.807031 0.476562 0.057813 0.059375
2 0.842187 0.383594 0.059375 0.051562
2 0.659375 0.277344 0.062500 0.045312
2 0.752344 0.297656 0.070312 0.048438
2 0.503125 0.323437 0.068750 0.043750
2 0.474219 0.266406 0.067187 0.045312
2 0.448437 0.216406 0.062500 0.042188
2 0.532813 0.068750 0.053125 0.046875
2 0.642188 0.066406 0.050000 0.045312
2 0.602344 0.182031 0.054688 0.042188
2 0.405469 0.118750 0.054688 0.037500
2 0.423438 0.165625 0.056250 0.037500
2 0.269531 0.192969 0.057813 0.045312
2 0.178906 0.172656 0.060937 0.042188
2 0.091406 0.150781 0.060937 0.045312
2 0.919531 0.190625 0.039062 0.034375
