2 0.138281 0.810937 0.045312 0.059375
2 0.146875 0.690625 0.037500 0.059375
2 0.227344 0.676562 0.048438 0.062500
2 0.220312 0.801562 0.043750 0.059375
2 0.473438 0.771875 0.053125 0.071875
2 0.477344 0.630469 0.057813 0.073438
2 0.578125 0.607812 0.059375 0.065625
2 0.573438 0.757031 0.056250 0.073438
2 0.494531 0.325781 0.051562 0.057813
2 0.589844 0.295312 0.051562 0.062500
2 0.505469 0.204687 0.057813 0.056250
2 0.596875 0.167187 0.050000 0.059375
2 0.707031 0.347656 0.045312 0.060937
2 0.685156 0.255469 0.045312 0.070312
2 0.664844 0.504687 0.042188 0.068750
2 0.722656 0.532813 0.045312 0.065625
2 0.772656 0.557031 0.042188 0.064062
2 0.918750 0.469531 0.046875 0.051562
2 0.919531 0.360156 0.045312 0.048438
2 0.803906 0.402344 0.042188 0.054688
2 0.871875 0.597656 0.037500 0.054688
2 0.824219 0.580469 0.035937 0.054688
2 0.801562 0.735938 0.043750 0.056250
2 0.823438 0.825000 0.040625 0.059375
2 0.846875 0.912500 0.043750 0.059375
2 0.789062 0.085156 0.034375 0.039062
