2 0.829688 0.520312 0.125000 0.121875
2 0.553125 0.497656 0.112500 0.110937
2 0.353906 0.549219 0.098437 0.092188
2 0.231250 0.646875 0.078125 0.081250
2 0.187500 0.769531 0.065625 0.079687
2 0.194531 0.895312 0.076563 0.078125
2 0.033594 0.887500 0.054688 0.062500
2 0.059375 0.974219 0.053125 0.051562
2 0.115625 0.405469 0.040625 0.045312
2 0.108594 0.319531 0.039062 0.042188
2 0.126562 0.238281 0.043750 0.045312
2 0.172656 0.170313 0.045312 0.050000
2 0.244531 0.131250 0.051562 0.050000
2 0.341406 0.123438 0.051562 0.053125
2 0.449219 0.160156 0.048438 0.054688
2 0.555469 0.230469 0.054688 0.051562
2 0.733594 0.107031 0.042188 0.048438
2 0.822656 0.164844 0.042188 0.039062
2 0.983594 0.156250 0.029687 0.031250
2 0.950000 0.076563 0.034375 0.034375
2 0.893750 0.014844 0.043750 0.029687
