2 0.752344 0.729688 0.048438 0.065625
2 0.696094 0.747656 0.048438 0.064062
2 0.630469 0.742969 0.045312 0.060937
2 0.575000 0.712500 0.046875 0.068750
2 0.521094 0.660937 0.045312 0.065625
2 0.482031 0.588281 0.051562 0.060937
2 0.464062 0.507031 0.050000 0.057813
2 0.461719 0.416406 0.042188 0.057813
2 0.482812 0.336719 0.050000 0.067187
2 0.518750 0.271094 0.043750 0.060937
2 0.571094 0.226562 0.051562 0.059375
2 0.489844 0.201563 0.048438 0.059375
2 0.424219 0.211719 0.042188 0.054688
2 0.370312 0.225000 0.040625 0.059375
2 0.333594 0.243750 0.039062 0.043750
2 0.333594 0.470313 0.029687 0.046875
2 0.304688 0.533594 0.040625 0.057813
2 0.288281 0.605469 0.045312 0.054688
2 0.287500 0.682031 0.046875 0.054688
2 0.306250 0.757031 0.043750 0.057813
2 0.341406 0.823438 0.045312 0.059375
2 0.390625 0.871094 0.043750 0.060937
2 0.444531 0.897656 0.042188 0.060937
2 0.502344 0.904687 0.039062 0.059375
2 0.020313 0.225000 0.040625 0.056250
2 0.076563 0.095312 0.043750 0.059375
